<?xml version="1.0" encoding="UTF-8" standalone="no"?>
<!DOCTYPE svg PUBLIC "-//W3C//DTD SVG 20010904//EN"
              "http://www.w3.org/TR/2001/REC-SVG-20010904/DTD/svg10.dtd">

<svg xmlns="http://www.w3.org/2000/svg"
     width="0.44in" height="0.193333in"
     viewBox="0 0 132 58">
  <path id="Seleção"
        fill="none" stroke="black" stroke-width="1"
        d="M 0.00,0.00
           C 0.00,0.00 132.00,0.00 132.00,0.00
             132.00,0.00 132.00,58.00 132.00,58.00
             132.00,58.00 0.00,58.00 0.00,58.00
             0.00,58.00 0.00,0.00 0.00,0.00 Z
           M 28.10,9.47
           C 21.18,12.65 25.68,18.79 30.90,17.53
             35.56,16.40 36.50,9.05 28.10,9.47 Z
           M 23.62,18.75
           C 23.62,18.75 9.75,23.00 9.75,23.00
             9.75,23.00 17.50,38.88 17.50,38.88
             17.50,38.88 28.88,35.38 28.88,35.38
             28.88,35.38 39.38,39.25 39.38,39.25
             39.38,39.25 47.75,22.88 47.75,22.88
             47.75,22.88 35.12,18.75 35.00,18.75
             34.88,18.75 32.25,22.38 32.25,22.38
             32.25,22.38 41.00,25.00 41.00,25.00
             41.00,25.00 39.25,27.88 39.25,27.88
             39.25,27.88 32.38,25.75 32.38,25.75
             32.38,25.75 30.88,28.88 30.88,28.88
             30.88,28.88 37.62,31.25 37.62,31.25
             37.62,31.25 36.38,34.50 36.38,34.50
             36.38,34.50 29.38,31.62 29.38,31.62
             29.38,31.62 21.00,34.25 21.00,34.25
             21.00,34.25 19.62,31.00 19.62,31.00
             19.62,31.00 26.38,28.88 26.38,28.88
             26.38,28.88 25.75,25.88 25.75,25.88
             25.75,25.88 18.12,27.75 18.12,27.75
             18.12,27.75 16.75,25.25 16.75,25.25
             16.75,25.25 25.62,22.38 25.62,22.38
             25.62,22.38 23.63,18.77 23.63,18.77" />
</svg>
